50
8
11
0,0 -0.0498,-0.054512 1.20144,-1.59614 2.85118,-3.61249 4.09769,-4.36299 4.67662,-3.79515 4.48618,-2.70428 4.29543,-2.65192 3.32331,-1.60492 2.57538,-2.08425 0.999168,-0.019976 
4
0.432096,-0.258688 0.427096,-0.50864 0.552072,-0.511136 0.557072,-0.261184 
4
3.03162,-2.08878 3.16651,-2.29927 3.27175,-2.23182 3.13686,-2.02134 
4
3.58363,-2.25272 3.40043,-2.42282 3.48548,-2.51442 3.66869,-2.34432 
4
4.26436,-2.90263 4.19818,-3.14372 4.31872,-3.17681 4.3849,-2.93572 
4
4.25671,-3.85682 4.08166,-3.67834 3.99242,-3.76587 4.16747,-3.94435 
4
3.65693,-3.8058 3.78588,-3.59162 3.67879,-3.52714 3.54984,-3.74132 
4
2.25938,-2.49438 2.45286,-2.33606 2.37371,-2.23932 2.18022,-2.39763 

2
5
0,0 -0.999256,-0.015192 -2.50894,-2.2926 -1.91778,-2.7089 0.045688,-0.059552 
4
-0.433328,-0.256616 -0.429528,-0.506584 -0.554512,-0.508488 -0.55832,-0.258512 

3
30
-1.17469,1.90171 -1.17061,1.82246 -1.17053,1.8226 -1.16574,1.72921 -1.16581,1.7291 -1.16581,1.72906 -1.2706,1.54595 -1.30936,1.47822 -1.30936,1.47823 -1.94314,0.370816 -1.7468,0.328144 -1.74683,0.328184 -1.48372,0.270984 -1.4837,0.270968 -1.48366,0.27096 -1.08478,-0.167872 -0.91116,0.139504 -0.870888,0.133336 -0.848704,0.129944 0,0 0.073608,0.658416 -0.267744,0.175808 -0.267688,0.175752 -0.302712,0.12624 -0.30276,0.126288 -0.302776,0.126272 -0.811184,0.640552 -0.794752,0.673688 -0.783128,0.697144 -0.411136,1.44733 
4
-0.867048,1.42772 -0.994896,1.21288 -1.10231,1.27681 -0.974464,1.49164 
4
-1.30645,0.980008 -1.08946,0.855824 -1.15155,0.747336 -1.36854,0.871512 

11
14
2.51263,4.62569 -0.000848,4.61677 -0.342304,4.1384 -0.553064,1.71745 0,0 1.10072,0.078704 1.25494,-0.017168 1.32672,-0.061776 1.3267,-0.061776 1.98762,-0.472624 2.27377,-0.212264 2.75118,0.879384 3.64221,1.40358 3.08077,4.00072 
4
-0.019408,0.875856 0.218552,0.952488 0.18024,1.07147 -0.05772,0.99484 
4
0.470184,0.284256 0.452352,0.533616 0.577032,0.542536 0.594864,0.293176 
4
-0.204048,2.84398 0.045008,2.82229 0.055848,2.94682 -0.1932,2.9685 
4
-0.004408,4.18146 0.199064,4.03622 0.271688,4.13796 0.068208,4.28321 
4
1.19427,4.371 1.19516,4.12101 1.32016,4.12145 1.31927,4.37145 
4
2.56966,4.19128 2.38468,4.02312 2.46877,3.93062 2.65375,4.09879 
4
3.10392,2.71042 2.85957,2.65759 2.88598,2.53542 3.13034,2.58824 
4
3.12379,1.38865 2.99702,1.60413 2.88929,1.54074 3.01606,1.32526 
4
2.30846,0.490992 2.07941,0.591168 2.02932,0.47664 2.25838,0.376464 
4
1.72923,-0.017632 1.86122,0.19468 1.75506,0.260672 1.62307,0.048352 

6
6
-0.200568,1.18356 -2.19434,1.16788 -2.53804,-0.878648 -1.55345,-1.43446 -0.03088,0.017568 0,0 
4
-0.336328,0.488384 -0.582808,0.446616 -0.603696,0.569856 -0.357208,0.611624 
4
-0.919472,-0.484384 -1.09201,-0.303472 -1.18246,-0.389736 -1.00993,-0.570656 
4
-1.86842,-0.969568 -1.74552,-0.751856 -1.85438,-0.690408 -1.97727,-0.90812 
4
-2.12999,0.041568 -1.88344,0.00016 -1.86274,0.12344 -2.10929,0.16484 
4
-1.25798,0.925232 -1.25602,0.67524 -1.13102,0.676224 -1.13298,0.926216 

5
4
0.093864,0.00484 0,0 -1.14871,-2.07348 1.36477,-2.06363 
4
0.044544,-1.8188 0.043568,-1.5688 0.168568,-1.56831 0.169544,-1.81831 
4
-0.38596,-1.21256 -0.167272,-1.33371 -0.106696,-1.22437 -0.325384,-1.10322 
4
0.549024,-1.21351 0.336016,-1.34438 0.270584,-1.23789 0.483592,-1.10701 
4
-0.002584,-0.250464 0.010304,-0.500128 0.135136,-0.49368 0.12224,-0.244016 

3
4
0.917296,0.042888 0,0 0.13436,-1.18387 0.98164,-0.59332 
4
0.308536,-0.50164 0.556944,-0.473448 0.57104,-0.597648 0.322632,-0.62584 
4
0.707024,-0.362552 0.458288,-0.387704 0.445712,-0.263344 0.69444,-0.238184 

7
14
0.380544,2.06924 0,0 0.617832,-0.87296 2.07622,-0.026776 2.30211,1.75878 1.93606,1.52506 1.93614,1.525 1.88087,1.48972 1.88079,1.48977 1.88078,1.48976 1.88075,1.48978 1.82418,1.52736 1.82418,1.52736 1.0307,2.05459 
4
0.447456,1.05086 0.693328,1.00565 0.67072,0.882712 0.42484,0.927928 
4
0.637504,1.81338 0.631872,1.56345 0.75684,1.56063 0.762472,1.81057 
4
0.476872,-0.241032 0.680936,-0.096608 0.753144,-0.19864 0.54908,-0.343064 
4
1.1675,-0.264992 1.04204,-0.04876 1.15015,0.013968 1.27562,-0.202264 
4
1.9333,0.835368 1.68527,0.866744 1.70096,0.990752 1.94898,0.959376 
4
1.36943,1.52936 1.23108,1.32113 1.12697,1.39031 1.26532,1.59854 

6
7
-1.99374,2.05763 -2.28119,-0.352992 -2.05127,-1.1657 0,0 -0.076616,1.1539 -1.04425,1.56256 -1.09034,1.92896 
4
-1.94268,-0.631152 -1.70213,-0.563096 -1.6681,-0.683376 -1.90866,-0.751432 
4
-1.89662,0.760656 -1.64838,0.731048 -1.63358,0.855168 -1.88182,0.884776 
4
-1.20349,-0.396376 -1.32701,-0.179016 -1.21833,-0.117256 -1.09482,-0.334616 
4
-0.283616,0.498024 -0.533064,0.481456 -0.541344,0.606184 -0.291896,0.622744 
4
-0.715264,1.15224 -0.812528,0.921936 -0.697376,0.873304 -0.600112,1.10361 

4
5
-0.166512,2.77357 -0.953312,1.90634 -1.03441,0.708648 0,0 0.27688,1.78294 
4
-0.118184,0.868072 -0.365224,0.906432 -0.34604,1.02995 -0.099,0.991584 
4
-0.748648,1.22825 -0.499224,1.21136 -0.490776,1.33607 -0.740208,1.35296 
4
-0.416752,2.12568 -0.2316,1.9577 -0.147608,2.05028 -0.33276,2.21826 

2
4
0.704248,0.8552 0,0 0.354488,-0.623664 0.761232,-0.36276 
4
0.475488,-0.24904 0.340504,-0.038608 0.235296,-0.106096 0.370272,-0.316528 

1
4
0.227208,0.444016 -0.071152,0.423128 0,0 0.442816,0.130032 

2
5
0.691912,0.423168 0,0 -0.036352,-0.490304 0.867,-0.617688 1.09869,-0.167728 
4
0.529712,0.030912 0.660152,-0.182352 0.553512,-0.247568 0.423072,-0.034296 

3
5
0.807808,1.11544 0.157832,1.09454 0,0 1.09552,-0.132608 0.791552,1.08385 
4
0.639848,0.174368 0.669888,0.42256 0.545792,0.437576 0.515752,0.189392 
4
0.55332,0.85712 0.56136,0.607248 0.436424,0.603232 0.428392,0.853104 

2
13
0.29476,0.594192 0.377808,0.33176 0.377848,0.331784 0.394496,0.27916 0.394464,0.279136 0.394472,0.279112 0,0 -0.00124,-0.506104 0.232056,-0.760408 1.83106,-0.847784 2.62055,-0.154544 2.76293,0.227312 1.38958,-0.486408 
4
0.392656,-0.028416 0.537056,-0.232496 0.435016,-0.304696 0.290616,-0.100616 

6
26
-2.34362,1.59693 -2.30012,-1.71985 -2.18053,-1.74807 -2.18057,-1.74795 -2.10752,-1.7652 -2.10748,-1.7653 -2.10746,-1.76531 -2.10113,-1.78234 -2.08938,-1.81397 -2.08939,-1.81397 -1.68298,-2.90833 -1.50218,-2.63169 -1.32455,-2.57623 -1.26766,-2.55846 -1.26766,-2.55847 -1.2641,-2.55736 -0.717224,-0.6514 -0.717296,-0.651456 -0.691816,-0.562736 -0.691776,-0.562704 -0.69176,-0.562656 -0.657536,-0.534824 -0.630128,-0.512512 -0.630136,-0.512528 0,0 -0.31076,1.54547 
4
-2.2072,-1.4849 -2.14978,-1.24158 -2.02812,-1.2703 -2.08554,-1.51362 
4
-2.07106,-0.120672 -1.82109,-0.117392 -1.82273,0.007584 -2.0727,0.004312 
4
-1.23547,-1.55114 -1.47578,-1.48218 -1.4413,-1.36203 -1.20099,-1.43098 
4
-0.388152,0.662176 -0.633248,0.612888 -0.657888,0.73544 -0.412792,0.78472 
4
-1.27103,1.3197 -1.27736,1.06978 -1.40232,1.07294 -1.39599,1.32286 

6
17
-0.567896,3.01663 -1.89771,2.88622 -1.2451,0.386752 -0.387256,0.35904 -0.387272,0.359072 -0.203536,0.353128 -0.20352,0.353104 -0.203488,0.353104 0,0 2.0804,0.089088 1.01722,1.13661 0.61144,1.20354 0.611464,1.20346 0.553336,1.21306 0.553312,1.21313 0.553288,1.21314 0.320888,2.02372 
4
1.32883,0.478632 1.15338,0.300544 1.24242,0.212816 1.41788,0.390896 
4
-0.653752,0.617776 -0.64568,0.867648 -0.770616,0.87168 -0.778688,0.621816 
4
0.967064,0.29164 0.956368,0.541408 1.08125,0.54676 1.09194,0.296984 
4
-0.268088,2.30686 -0.45436,2.14012 -0.537736,2.23326 -0.351456,2.4 
4
-1.3453,1.76011 -1.10341,1.82327 -1.07183,1.70233 -1.31372,1.63917 

1
3
1.9924,1.66643 0,0 0.590792,-0.679624 

1
4
-0.688544,0.456768 -0.91872,0.105392 0,0 -0.100624,0.417392 

1
5
-2.04926,2.4131 -2.05819,2.39898 -0.443696,-0.477152 0,0 -0.60268,1.05354 

6
13
0.286856,3.68173 -0.091688,3.4411 -0.6836,1.411 0,0 0.243504,0.312152 0.243416,0.312168 0.284632,0.364992 0.284712,0.364976 0.284728,0.365 1.19771,0.2178 1.20379,0.037848 1.87195,0.848792 1.24875,3.21904 
4
1.30518,0.554056 1.11223,0.713024 1.19172,0.809496 1.38466,0.650528 
4
1.33446,1.9099 1.09267,1.84633 1.06089,1.96722 1.30267,2.03078 
4
-0.08956,0.758248 0.135416,0.867256 0.08092,0.979744 -0.144064,0.870744 
4
0.715752,3.198 0.607384,2.9727 0.494744,3.02689 0.603112,3.25218 
4
-0.130144,2.41607 0.109856,2.3461 0.074864,2.22609 -0.165128,2.29607 

4
25
0,0 0.703792,-0.973912 0.698728,-0.979976 0.685128,-0.996264 0.685128,-0.996256 0.331432,-1.41968 0.331768,-1.41968 0.279424,-1.48231 0.279112,-1.48231 0.279088,-1.48234 -3.09493,-1.49281 -2.69877,-2.14399 -2.18235,-2.20094 0.030168,-1.94577 0.030056,-1.94567 0.114352,-1.93597 0.114448,-1.93605 0.114472,-1.93605 0.114488,-1.93606 0.114496,-1.93606 0.168136,-1.98238 0.168112,-1.98238 1.18878,-2.86413 2.28902,-2.34484 2.12974,-1.49365 
4
0.972488,-0.987384 0.828936,-1.19206 0.7266,-1.1203 0.870144,-0.915616 
4
-2.47527,-1.91712 -2.44787,-1.66862 -2.32362,-1.68233 -2.35102,-1.93082 
4
0.76776,-2.17005 0.931192,-1.98086 1.02578,-2.06258 0.862352,-2.25176 

5
5
0,0 -2.03115,-0.536824 -2.33283,-2.05746 -1.0943,-2.27544 -0.164736,-3.23032 
4
-0.406784,-2.62327 -0.227648,-2.44889 -0.31484,-2.35932 -0.493976,-2.5337 
4
-0.335224,-1.66484 -0.584904,-1.65211 -0.578536,-1.52727 -0.328856,-1.54001 
4
-0.891272,-0.494144 -0.827392,-0.73584 -0.94824,-0.767784 -1.01212,-0.52608 
4
-1.92461,-1.28448 -1.67938,-1.33313 -1.70371,-1.45574 -1.94894,-1.40709 

1
4
2.92116,1.97555 -0.270496,0.8812 0,0 2.74496,0.956216 

1
5
0,0 -0.006016,-0.20252 -0.719728,-0.948632 -0.540088,-1.29126 0.44168,-0.233792 

5
10
0.441336,0.08012 0,0 -0.353312,-3.25274 -0.276688,-3.15879 -0.276808,-3.15871 -0.244176,-3.1187 -0.244056,-3.11878 -0.244048,-3.11877 0.95792,-3.89158 0.986392,-0.574632 
4
0.439568,-3.26109 0.574768,-3.0508 0.679912,-3.1184 0.544704,-3.32869 
4
0.721624,-2.29346 0.471632,-2.29131 0.472704,-2.16632 0.722696,-2.16846 
4
0.065128,-1.7155 0.313664,-1.7425 0.32716,-1.61822 0.078624,-1.59123 
4
0.561712,-0.455232 0.369568,-0.615184 0.2896,-0.519112 0.481736,-0.359168 

1
4
0.024296,0.025944 0,0 0.783816,-0.805336 1.05202,-0.091872 

6
5
0.5626,1.01034 0,0 0.397336,-1.36499 2.40725,-0.7534 2.73518,-0.123832 
4
0.469312,0.328936 0.687728,0.207312 0.748544,0.31652 0.530128,0.438144 
4
0.421232,-0.552608 0.661272,-0.482736 0.696208,-0.602752 0.456176,-0.672624 
4
1.47778,0.250552 1.3621,0.028936 1.4729,-0.028904 1.5886,0.192704 
4
2.37836,-0.267696 2.15663,-0.1522 2.09889,-0.263064 2.32061,-0.378552 
4
1.3893,-0.801824 1.31653,-0.562656 1.19694,-0.59904 1.26972,-0.838216 

1
4
0,0 -0.044568,-0.368136 0.120152,-0.422328 0.172544,-0.00632 

4
9
2.14922,2.46442 -0.3086,0.986656 0,0 0.915664,0.069744 2.02996,1.82422 2.05001,1.82798 2.09082,1.83562 2.09082,1.83562 3.34333,2.07002 
4
0.06564,0.6276 0.30424,0.702232 0.341552,0.582936 0.102952,0.508304 
4
0.99556,1.47907 1.12438,1.26482 1.23151,1.32922 1.10269,1.54348 
4
1.22826,1.02826 1.01723,1.16229 1.08425,1.2678 1.29528,1.13378 

2
6
0,0 -0.203248,-0.220368 0.040368,-1.03956 0.134368,-1.03938 0.606616,-0.258568 0.58332,-0.083304 
4
0.024376,-0.789584 0.023888,-0.539584 0.148888,-0.539344 0.149376,-0.789344 

4
5
-0.82132,0.777032 -1.04634,0.669456 -1.76083,-0.69284 -0.64448,-0.85348 0,0 
4
-0.537064,0.163952 -0.70888,-0.01764 -0.79968,0.068256 -0.627872,0.249864 
4
-0.48408,-0.226208 -0.683592,-0.075552 -0.75892,-0.175304 -0.559408,-0.32596 
4
-1.10518,-0.534608 -1.06958,-0.28716 -1.1933,-0.269352 -1.22891,-0.516808 

4
4
0,0 -1.83458,-0.390664 -2.29584,-1.15379 -0.302128,-1.13132 
4
-1.3643,-0.893272 -1.36711,-0.643288 -1.24212,-0.64188 -1.2393,-0.891864 
4
-0.408728,-0.561536 -0.650256,-0.497032 -0.618008,-0.376264 -0.376472,-0.440768 
4
-0.804088,-0.426832 -0.752016,-0.671344 -0.874272,-0.697384 -0.926344,-0.452864 

6
6
0.761392,3.7715 0.315632,3.21908 0,0 0.33208,-0.77508 1.49002,0.277704 1.80218,3.53466 
4
0.78912,-0.021664 0.620936,0.163304 0.528448,0.079216 0.696632,-0.105752 
4
1.39127,1.86782 1.14242,1.89167 1.15434,2.0161 1.4032,1.99225 
4
0.40052,1.52294 0.649328,1.49854 0.661528,1.62294 0.41272,1.64734 
4
1.16537,3.42318 1.1099,3.17941 1.23178,3.15167 1.28725,3.39544 
4
0.77232,3.38694 0.96688,3.22994 0.888384,3.13266 0.693824,3.28966 

2
4
-1.26253,1.04406 -1.07913,0.197744 0,0 0.0808,0.484968 
4
-0.629224,0.509696 -0.72528,0.278888 -0.840688,0.32692 -0.744624,0.557728 

4
6
1.96466,1.57726 1.47254,1.25329 1.5828,1.0635 -0.49496,0.925912 0,0 1.76679,0.172504 
4
0.498072,0.74112 0.514584,0.491664 0.639312,0.49992 0.622792,0.749376 
4
0.796896,0.328992 0.7726,0.577808 0.897008,0.58996 0.921304,0.341144 
4
1.62689,0.97164 1.37933,1.00651 1.3619,0.882728 1.60945,0.847864 

3
10
-0.093408,1.30376 -0.112616,-0.188624 0,0 0.033136,-0.001 0.052592,-0.001584 0.052592,-0.001592 2.62123,-0.079168 3.13354,0.007288 2.89191,1.10483 0.217856,0.798992 
4
0.147768,0.61684 0.397744,0.613624 0.396136,0.488632 0.14616,0.491848 
4
2.8974,0.220976 2.85579,0.467488 2.73254,0.44668 2.77414,0.200168 

1
4
-0.206344,0.286432 0,0 2.68018,0.246536 2.70038,0.275864 

6
9
1.92655,1.63882 0.109336,0.630072 0,0 0.114904,0.166928 0.114928,0.166904 0.114928,0.166912 0.149608,0.129312 1.33535,-1.15583 2.05285,-0.941304 
4
0.290296,0.210704 0.536616,0.16796 0.557992,0.29112 0.311672,0.333864 
4
1.08463,0.885528 1.20597,0.666952 1.31526,0.727616 1.19392,0.9462 
4
0.951248,-0.370856 1.13499,-0.201328 1.05022,-0.109456 0.866488,-0.278984 
4
1.5626,-0.826944 1.49098,-0.587424 1.61074,-0.551616 1.68236,-0.791136 
4
1.73694,0.39896 1.48724,0.386736 1.49335,0.261888 1.74305,0.274104 

3
4
-0.607832,0.923824 -1.44592,0.34132 -0.618712,-0.84128 0,0 
4
-0.547784,-0.322872 -0.749176,-0.174752 -0.67512,-0.074048 -0.47372,-0.222168 
4
-0.935512,0.391616 -0.792832,0.186328 -0.690192,0.257672 -0.832872,0.46296 

6
6
0,0 -0.193472,-0.341592 0.08936,-1.89242 1.94272,-1.60383 2.45599,-2.56011 2.46074,-0.130008 
4
2.20824,-1.40707 1.95824,-1.40658 1.95848,-1.28158 2.20848,-1.28207 
4
1.27958,-0.317952 1.2664,-0.5676 1.14157,-0.561008 1.15476,-0.31136 
4
1.03933,-1.49148 1.00086,-1.24446 0.877352,-1.26369 0.915816,-1.51071 
4
0.205096,-1.13363 0.45104,-1.08878 0.428616,-0.9658 0.182672,-1.01066 
4
0.089984,-0.348384 0.30752,-0.471592 0.36912,-0.362824 0.151592,-0.239616 

5
5
1.72414,1.33665 0.20892,1.02098 0,0 0.395704,-0.635792 1.85086,0.215944 
4
1.05093,0.0374 0.92464,0.253152 0.81676,0.190008 0.943048,-0.025736 
4
1.5461,0.686096 1.29768,0.658008 1.28363,0.782216 1.53206,0.810312 
4
0.443128,-0.238856 0.655376,-0.10676 0.58932,-0.000632 0.377072,-0.132736 
4
0.361912,0.521608 0.60684,0.471488 0.581776,0.349024 0.336856,0.399144 

6
5
-0.73324,1.21798 -2.9079,0.302856 -2.8442,-2.35351 -0.091904,-1.54754 0,0 
4
-2.62762,-0.956848 -2.37769,-0.950856 -2.3747,-1.07582 -2.62462,-1.08181 
4
-1.78121,0.505744 -1.68425,0.275312 -1.56903,0.3238 -1.666,0.554224 
4
-1.59829,-1.72816 -1.66855,-1.48824 -1.54858,-1.4531 -1.47833,-1.69303 
4
-0.613032,0.533584 -0.827216,0.404648 -0.762744,0.297552 -0.548568,0.426496 
4
-0.291808,-0.696552 -0.541368,-0.681728 -0.548776,-0.806512 -0.299216,-0.821336 

1
3
0,0 -2.24272,-0.562032 0.377416,-0.452576 

6
11
0,0 -0.837904,-0.16832 -0.762744,-0.484488 -0.7626,-0.484416 -0.749696,-0.538728 -0.749832,-0.5388 -0.749824,-0.538824 -2.12974,-1.28318 -1.85406,-2.70342 0.605112,-2.86014 0.664352,-2.27541 
4
0.379704,-2.60475 0.130976,-2.57956 0.143576,-2.45519 0.392304,-2.48039 
4
-0.546192,-2.53626 -0.530296,-2.28676 -0.65504,-2.27882 -0.670944,-2.5283 
4
0.109712,-1.26776 -0.130264,-1.33783 -0.165296,-1.21784 0.07468,-1.14778 
4
-1.26609,-1.10136 -1.1474,-1.32139 -1.25742,-1.38073 -1.3761,-1.1607 
4
-1.75839,-1.8843 -1.51297,-1.83666 -1.48915,-1.95937 -1.73457,-2.00701 

2
4
0,0 -0.2932,-1.75082 1.30687,-1.81546 1.45906,-1.10553 
4
0.08964,-0.978336 0.3362,-1.01963 0.356848,-0.896344 0.11028,-0.855056 

6
5
1.9317,0.860352 0,0 0.478448,-0.70488 2.51118,-0.760592 2.65222,-0.394208 
4
1.56414,-0.484544 1.57098,-0.234632 1.44603,-0.231208 1.43918,-0.48112 
4
2.32594,-0.545912 2.09262,-0.456096 2.13754,-0.33944 2.37084,-0.429256 
4
0.481168,-0.263752 0.688024,-0.123344 0.617824,-0.01992 0.410968,-0.16032 
4
1.01047,0.176368 1.11218,-0.051992 1.22637,-0.001136 1.12466,0.227224 
4
2.04404,0.16276 1.82726,0.038248 1.8895,-0.070136 2.1063,0.05436 

1
4
0,0 -1.02521,-0.65508 0.80532,-0.641144 1.06735,-0.25372 

1
4
0,0 0.079856,-0.460832 0.803104,-0.524704 0.892032,-0.191248 

1
3
-0.0362,0.057616 0,0 0.012408,0.011368 

